0 2
0 9
0 12
0 45
1 19
1 47
2 40
3 46
3 49
4 26
6 10
8 7
8 9
8 12
8 52
9 12
10 1
10 6
10 15
11 4
12 9
12 45
13 3
13 37
13 40
14 26
14 36
14 43
14 47
14 50
15 10
15 17
15 39
16 30
16 41
16 48
17 10
17 15
17 33
18 16
18 24
18 30
18 41
18 48
19 1
19 15
20 27
20 43
20 47
20 49
21 22
22 34
23 9
24 10
24 16
24 18
24 30
24 41
24 48
25 2
25 19
25 40
26 3
26 4
26 14
26 36
28 12
28 45
30 16
30 41
31 47
34 7
34 22
35 44
36 14
36 26
37 13
38 7
38 8
39 15
40 13
40 19
40 25
41 18
41 24
41 30
42 2
42 45
43 14
43 20
43 27
44 27
44 35
45 0
45 5
45 9
45 12
45 44
46 3
46 49
47 1
47 27
49 3
49 46
50 12
50 26
52 8
53 61
53 63
53 83
53 89
53 94
55 57
55 58
56 77
57 55
57 91
58 55
59 64
59 69
59 76
59 79
59 88
61 53
61 94
62 55
63 84
63 94
64 59
64 69
64 79
64 88
65 75
67 71
67 95
69 64
69 76
70 68
71 77
72 58
72 85
72 89
72 90
73 84
75 65
76 59
76 69
77 56
77 71
78 76
79 59
79 64
79 69
79 76
79 88
80 85
80 90
80 95
82 73
82 80
82 85
82 89
83 94
84 55
84 63
84 73
85 72
85 80
85 90
85 92
86 68
88 59
88 64
88 67
88 69
88 76
88 79
89 85
89 95
90 80
90 85
91 57
92 82
92 85
92 91
94 61
94 63
94 83
96 108
98 139
99 115
100 135
101 99
101 106
101 119
101 123
101 124
103 101
103 105
105 103
105 122
108 129
109 105
109 106
109 112
110 112
110 126
111 96
111 112
111 133
112 116
112 140
113 112
113 116
113 133
113 140
115 99
115 106
115 108
117 103
118 131
120 100
121 99
121 122
121 125
121 133
122 121
123 101
123 106
123 109
124 119
124 137
126 109
126 110
126 112
127 129
127 134
127 138
128 140
129 108
129 127
129 134
129 138
130 101
130 105
130 106
131 106
131 118
134 138
135 100
137 119
137 124
138 104
138 134
139 98
140 128
141 116
143 158
143 162
143 172
143 179
143 188
143 189
144 173
144 179
144 185
145 170
145 171
147 152
148 167
148 188
148 190
149 174
149 187
150 169
150 178
150 179
150 188
151 187
152 156
152 168
153 152
153 168
153 179
155 178
155 191
156 152
157 172
158 172
159 186
161 146
163 181
164 175
166 142
167 148
167 190
168 152
168 153
168 157
169 150
169 176
169 178
169 179
169 188
169 192
170 145
170 171
170 188
171 145
171 152
171 157
171 170
172 142
172 157
174 149
174 187
175 149
175 152
175 156
175 187
177 176
177 183
178 150
178 169
178 192
179 143
179 144
179 161
179 169
179 178
179 181
181 152
181 157
181 168
182 155
183 177
183 184
184 183
184 191
185 144
185 189
187 151
187 189
188 150
189 162
189 185
189 187
190 148
190 167
191 155
191 174
191 187
192 169
192 178
192 188
