0 2
0 12
0 23
0 27
0 44
0 45
1 8
1 19
1 20
1 21
1 27
1 43
1 47
2 0
2 13
2 19
2 32
2 40
2 45
3 13
3 14
3 20
3 26
3 36
3 46
3 49
4 11
4 12
4 26
4 36
5 8
5 9
5 12
5 25
5 45
6 10
6 15
6 39
7 8
7 38
8 7
8 9
8 12
8 23
8 26
8 38
8 52
9 0
9 2
9 12
9 23
9 45
10 6
10 15
10 39
11 4
11 43
12 0
12 9
12 27
12 28
12 44
12 45
13 2
13 3
13 37
13 40
14 3
14 26
14 34
14 36
14 43
14 47
14 50
15 6
15 10
15 17
15 39
16 18
16 24
16 30
16 33
16 41
16 48
17 10
17 15
17 33
17 39
18 16
18 24
18 30
18 33
18 41
18 48
19 0
19 1
19 2
19 13
19 40
19 44
19 52
20 1
20 21
20 27
20 43
20 47
20 49
21 1
21 20
21 22
21 27
21 40
21 43
21 47
22 21
22 34
23 0
23 9
23 12
23 45
24 16
24 18
24 30
24 41
24 48
25 2
25 40
25 52
26 3
26 4
26 14
26 36
26 50
27 0
27 2
27 12
27 20
27 45
27 47
28 0
28 12
28 27
28 44
28 45
29 22
29 41
30 16
30 18
30 24
30 33
30 41
30 48
31 43
31 47
32 2
32 9
32 13
32 23
32 40
32 45
33 16
33 48
34 22
34 47
35 44
36 3
36 12
36 14
36 26
36 27
36 43
36 50
37 2
37 13
37 52
38 7
38 8
38 49
39 6
39 10
39 15
40 2
40 13
40 19
40 25
40 44
41 16
41 18
41 24
41 30
41 48
42 0
42 2
42 27
42 28
42 45
43 1
43 14
43 20
43 21
43 27
44 0
44 19
44 27
44 28
44 35
44 45
45 0
45 5
45 9
45 12
45 28
45 44
46 3
46 42
46 44
46 49
47 1
47 14
47 20
47 21
47 27
47 34
47 44
48 16
48 18
48 24
48 30
48 33
48 41
49 1
49 3
49 20
49 38
49 46
49 47
50 12
50 14
50 19
50 26
50 32
50 36
51 0
51 2
51 9
51 27
51 42
51 45
52 8
52 23
52 25
53 61
53 63
53 83
53 85
53 89
53 94
54 65
55 57
55 58
55 62
55 75
56 61
56 71
56 77
57 55
57 70
57 91
58 55
58 72
58 84
58 85
59 64
59 69
59 76
59 79
59 88
60 64
60 66
60 79
61 53
61 56
61 63
61 83
61 94
62 55
62 65
62 75
62 84
63 53
63 61
63 83
63 84
63 94
64 59
64 66
64 69
64 79
64 88
65 62
65 75
66 59
66 64
66 79
66 88
67 71
67 95
68 70
68 86
69 59
69 64
69 76
69 79
70 57
70 68
71 69
71 77
71 91
72 58
72 73
72 84
72 85
72 90
73 58
73 72
73 84
74 70
74 76
74 85
74 89
75 55
75 62
75 65
75 86
76 59
76 69
76 79
76 88
77 56
77 71
77 89
77 91
78 69
78 76
79 59
79 64
79 69
79 76
79 88
80 85
80 90
80 95
81 68
81 73
81 93
82 73
82 80
82 89
83 53
83 61
83 63
83 94
84 58
84 63
84 72
84 73
84 82
84 94
85 72
85 80
85 89
85 90
85 92
86 55
86 68
86 73
86 75
86 82
86 84
86 89
87 71
88 59
88 64
88 67
88 69
88 76
88 79
89 82
89 85
89 95
90 80
90 82
90 85
91 57
91 92
92 82
92 85
92 91
93 68
93 81
93 91
94 53
94 61
94 63
94 83
94 84
95 80
95 85
95 90
97 133
97 134
97 139
97 140
98 139
99 115
99 121
99 122
100 97
100 120
100 128
100 135
101 99
101 103
101 119
101 123
101 124
101 134
102 100
102 108
103 101
103 105
103 106
103 113
104 103
104 105
105 103
105 109
105 122
106 103
106 123
106 130
106 131
107 113
107 133
107 136
108 115
108 127
108 129
108 135
108 140
109 101
109 103
109 105
109 106
109 112
109 119
109 123
109 124
110 103
110 109
110 112
110 113
110 126
111 96
111 112
111 133
112 103
112 109
112 110
112 113
112 116
112 140
113 103
113 105
113 112
113 133
113 140
114 113
114 133
115 99
115 100
115 105
115 106
115 108
116 112
116 113
116 140
117 103
117 105
117 112
118 106
118 131
119 101
119 105
119 123
119 124
119 137
120 100
120 116
120 132
121 99
121 105
121 122
121 123
121 125
121 133
122 99
122 105
122 121
122 125
123 101
123 103
123 106
123 109
123 119
123 121
124 101
124 119
124 123
124 137
125 99
125 117
125 121
125 122
125 139
126 109
126 110
126 112
126 113
126 133
126 138
127 108
127 129
127 134
127 135
127 138
128 139
128 140
129 108
129 127
129 134
129 138
130 101
130 105
130 115
130 119
130 123
130 124
130 137
131 101
131 106
131 118
131 123
131 124
131 136
132 120
133 113
133 121
134 129
134 138
135 100
135 108
136 99
136 114
136 131
137 119
137 124
138 129
138 134
139 98
140 112
140 113
140 116
140 128
141 100
141 116
142 158
142 166
142 172
143 157
143 162
143 179
143 181
143 189
144 151
144 173
144 179
144 185
144 188
144 189
145 154
145 170
145 171
145 178
146 151
146 161
146 167
146 182
146 190
147 152
147 157
147 168
147 179
147 183
147 185
148 146
148 167
148 190
149 158
149 174
149 187
150 169
150 173
150 176
150 178
150 179
150 188
150 192
151 146
151 150
151 178
151 187
151 188
152 147
152 153
152 156
152 157
152 168
152 180
153 144
153 152
153 157
153 168
153 179
153 185
154 145
154 149
154 168
154 174
154 187
155 157
155 171
155 178
155 182
155 191
155 192
156 147
156 152
156 159
156 168
157 152
157 158
157 168
157 172
157 177
158 142
158 157
158 172
158 174
158 189
159 156
159 171
159 186
160 183
160 185
161 146
161 151
161 153
161 179
162 143
162 150
162 177
162 189
163 157
163 177
163 181
163 185
164 156
164 175
164 182
165 142
166 142
167 146
167 148
167 151
167 190
168 152
168 153
168 156
168 157
168 181
168 185
169 150
169 176
169 178
169 179
169 188
169 192
170 145
170 171
170 178
170 188
171 145
171 152
171 155
171 157
171 170
171 185
172 142
172 157
172 158
172 189
173 144
173 150
173 151
173 178
173 179
173 192
174 149
174 158
174 187
175 149
175 174
175 183
175 187
176 155
176 169
176 171
176 177
176 178
176 179
176 188
176 192
177 142
177 150
177 157
177 162
177 176
177 183
178 150
178 169
178 176
178 179
178 188
178 192
179 143
179 144
179 157
179 169
179 178
179 181
179 192
180 152
180 156
180 159
180 168
181 152
181 153
181 157
181 168
181 179
182 146
182 155
182 164
182 179
182 188
183 177
183 184
184 183
185 144
185 152
185 157
185 168
185 183
185 189
186 145
186 159
186 171
186 190
186 192
187 149
187 154
187 174
187 175
187 189
188 150
188 169
188 176
188 178
188 179
188 192
189 143
189 157
189 172
189 183
189 185
189 187
190 148
190 167
191 155
191 174
192 150
192 169
192 176
192 178
192 179
192 188
