0 9
0 19
0 27
0 44
1 19
1 20
1 49
2 13
3 13
3 26
3 46
3 49
4 26
6 10
7 34
8 7
8 9
8 12
9 12
9 45
10 1
10 15
13 3
13 40
14 26
14 36
15 10
16 30
16 41
16 48
17 10
17 15
17 33
18 16
18 24
18 30
18 41
18 48
19 8
19 10
19 40
19 45
20 3
20 43
20 49
21 22
21 40
22 34
23 9
24 18
24 30
24 41
25 2
25 19
25 40
25 48
26 3
26 4
27 21
27 40
27 44
27 45
27 47
28 3
28 12
28 44
28 45
30 41
31 47
34 22
34 47
36 43
37 2
37 13
38 7
38 49
39 10
39 15
40 13
40 19
40 25
41 18
41 30
42 2
42 27
42 28
42 45
43 20
43 27
44 27
44 28
44 45
45 2
45 5
45 9
45 12
45 28
45 40
46 47
46 49
47 20
48 16
48 41
49 3
49 26
49 43
49 46
50 19
50 26
51 19
51 27
51 30
53 61
53 63
53 83
53 94
54 83
54 94
55 57
55 58
56 61
56 72
56 77
57 91
58 55
58 94
59 64
59 69
59 79
59 88
61 53
61 56
61 63
61 83
61 94
62 55
63 84
63 94
64 59
64 69
64 79
65 75
67 95
69 64
70 57
71 77
72 73
72 77
72 85
72 89
72 90
77 56
77 71
77 72
79 59
79 64
79 69
79 76
79 88
80 85
80 90
80 95
82 73
83 94
84 55
84 73
85 58
85 72
86 68
86 84
87 71
88 56
88 59
88 64
88 67
88 76
88 79
89 77
90 80
90 85
91 57
92 57
92 85
92 91
92 94
92 95
94 61
94 63
94 83
96 108
99 101
100 116
100 128
100 135
101 99
101 103
101 106
101 119
101 123
101 135
103 101
103 105
104 103
104 105
105 103
105 122
106 123
108 140
109 105
110 112
110 126
111 96
111 112
111 133
112 140
113 104
113 112
113 138
113 139
113 140
115 99
115 105
115 106
116 112
117 103
117 112
117 128
117 129
117 134
118 106
118 123
118 131
119 101
119 109
120 100
120 101
120 108
120 115
120 128
120 140
121 99
121 122
121 123
122 105
123 101
124 123
125 135
125 139
126 109
126 110
126 112
127 108
127 129
127 138
128 139
128 140
129 108
129 127
129 134
129 138
130 101
130 105
130 106
130 123
131 106
131 118
132 120
133 121
136 99
138 129
138 134
140 108
140 128
141 116
142 172
143 144
143 158
143 163
143 172
143 179
143 185
144 151
144 179
144 188
145 171
146 151
147 152
148 158
148 167
148 172
148 190
149 174
149 187
150 151
150 188
150 192
151 187
152 153
153 152
153 168
153 179
155 157
155 171
155 188
155 191
155 192
156 152
156 168
157 152
157 158
157 168
157 171
157 172
158 157
158 172
159 186
162 177
162 189
163 157
166 142
167 148
167 171
167 190
168 157
169 150
169 188
169 192
170 152
170 171
171 152
171 157
171 170
172 157
172 189
174 149
174 187
175 152
175 156
175 171
175 187
175 188
176 171
176 188
177 156
177 157
177 184
178 155
178 192
179 143
179 144
179 150
179 153
179 157
179 169
181 152
181 157
181 168
183 177
183 184
184 183
185 144
186 152
186 171
186 188
186 190
187 154
187 157
187 191
188 156
189 145
189 151
189 157
189 187
190 148
190 171
191 155
191 171
192 150
192 188
