0 0
0 24
0 29
0 45
1 21
1 28
1 44
1 48
2 41
3 37
3 47
3 50
6 11
6 16
7 9
8 8
8 10
8 13
8 24
8 53
9 1
9 3
9 13
9 24
10 16
10 21
10 44
11 5
12 28
12 45
13 4
13 38
13 41
14 27
14 37
15 40
16 25
16 31
16 34
16 42
17 11
17 16
17 34
18 17
18 25
18 31
18 34
18 42
18 49
19 1
19 2
19 11
19 41
19 44
19 45
19 46
19 51
20 28
20 50
21 2
21 9
21 15
21 21
21 23
21 37
21 42
21 48
22 35
23 46
24 19
24 31
24 34
24 42
25 9
25 28
25 41
25 43
25 53
26 4
26 5
26 15
26 37
27 29
27 41
27 44
27 46
27 48
28 1
28 13
28 45
28 46
30 19
30 42
31 35
31 44
32 3
32 10
32 46
33 49
34 8
34 23
35 28
36 4
36 15
36 27
36 28
37 2
37 14
37 46
38 4
38 8
38 9
38 47
38 50
39 16
40 3
40 20
40 45
41 19
41 25
41 31
42 3
42 24
42 46
43 28
43 43
44 28
44 41
44 46
45 1
45 10
45 13
45 24
46 10
46 41
46 43
46 45
46 50
47 2
47 23
47 35
48 17
48 42
49 4
49 27
49 47
49 48
50 15
50 20
50 27
50 37
51 3
51 16
51 43
52 24
52 26
52 43
53 62
53 64
53 84
53 86
53 90
53 95
54 57
54 95
55 59
56 72
56 78
57 56
57 71
57 92
58 56
59 65
59 70
59 80
59 89
60 67
61 54
61 57
61 64
61 84
61 95
63 54
63 62
63 85
63 95
64 70
64 80
65 63
65 76
66 65
68 56
68 71
68 76
69 65
70 58
70 69
71 69
71 78
72 55
72 57
72 78
72 86
73 85
76 82
77 72
77 81
79 60
79 65
79 70
79 77
80 86
80 96
81 94
82 90
83 54
84 95
85 59
85 73
85 81
85 91
86 55
86 95
88 60
88 65
88 68
88 70
88 77
88 80
89 83
89 86
91 56
91 58
91 81
91 86
92 72
92 86
92 88
92 92
94 54
94 62
94 64
94 84
94 85
95 81
95 91
98 140
99 102
99 116
99 135
100 98
100 121
100 136
101 100
101 104
101 106
101 107
101 120
101 124
101 125
103 102
103 106
104 106
105 104
105 123
106 102
106 104
106 119
106 131
106 132
108 141
109 102
109 105
109 106
109 107
109 113
110 104
110 113
110 114
110 127
111 97
111 113
111 134
112 105
112 106
112 135
112 139
112 141
113 111
113 113
113 135
113 139
113 141
114 114
115 102
115 104
115 124
115 132
116 113
116 135
117 103
117 104
117 105
117 106
117 113
118 100
118 107
118 132
119 102
119 125
119 138
120 101
120 102
120 135
120 141
121 100
121 123
121 124
121 126
121 134
122 106
122 122
122 126
123 102
123 107
123 110
124 102
124 120
124 138
125 137
125 140
126 110
126 111
126 113
126 114
126 139
127 109
127 119
127 130
127 135
127 139
128 141
129 109
129 128
129 135
129 139
130 102
130 106
130 124
131 107
131 119
131 137
132 121
133 122
135 109
136 102
136 135
137 125
138 130
138 135
140 113
140 129
141 106
141 113
141 116
141 117
141 141
142 186
142 188
143 145
143 151
143 159
143 170
143 186
143 190
144 154
144 174
144 180
144 186
145 172
145 179
146 152
147 153
147 158
147 169
148 145
148 168
148 174
148 191
149 159
149 175
149 188
150 152
150 158
150 170
150 179
150 180
150 193
151 188
151 189
151 191
152 148
152 158
152 172
153 148
153 153
153 169
153 186
154 175
155 158
155 173
155 179
155 180
155 192
155 193
156 148
156 160
156 178
156 181
157 153
157 159
157 162
157 173
157 186
157 190
158 175
158 190
159 157
159 172
161 147
162 144
162 184
162 190
163 184
164 157
165 143
166 143
167 147
167 149
167 152
167 191
168 153
168 154
168 158
168 190
168 192
169 151
169 177
169 179
169 189
169 193
170 146
170 172
170 189
171 146
171 153
171 171
171 186
171 187
172 143
172 158
172 159
172 190
174 150
174 188
175 150
175 184
175 188
175 189
176 170
176 172
176 179
176 189
176 193
177 158
177 184
178 151
178 170
178 174
178 177
178 193
179 144
179 145
179 162
179 183
179 186
179 188
180 157
180 169
181 153
181 154
181 158
181 169
182 147
182 153
183 178
183 185
184 184
185 190
186 152
186 153
186 160
186 162
186 172
186 191
186 193
187 155
187 158
187 173
187 175
187 190
187 192
188 149
188 172
189 144
189 146
189 158
189 173
189 184
189 186
190 149
190 168
190 172
191 158
191 172
191 184
192 158
192 179
