0 2
0 9
0 12
0 27
0 44
0 45
1 8
1 19
1 20
1 27
2 0
3 46
3 49
4 11
6 10
6 15
7 8
7 34
7 38
8 7
8 12
8 23
8 52
9 12
9 45
9 51
10 6
10 15
10 24
10 39
11 4
12 0
12 9
12 27
12 28
12 45
13 0
13 2
13 3
13 37
13 40
14 26
14 36
14 43
14 50
15 10
15 17
16 24
16 30
16 41
16 48
17 10
17 15
17 33
17 39
18 16
18 24
18 30
18 33
18 41
18 48
19 15
19 40
20 1
20 21
20 27
20 43
20 47
20 49
21 1
21 22
21 34
21 43
21 47
22 34
23 0
23 9
23 12
23 45
24 10
24 16
24 18
24 30
24 41
24 48
25 2
25 40
25 52
26 4
26 14
26 36
27 1
27 20
27 43
27 47
28 0
28 12
28 44
28 45
30 16
30 18
30 24
30 41
30 48
31 47
32 2
32 13
33 48
34 7
34 22
35 44
36 3
36 14
36 26
37 2
37 13
38 7
38 8
38 49
39 10
39 15
40 13
40 19
40 25
41 18
41 24
41 30
42 0
42 2
42 45
43 14
43 20
43 21
44 0
44 19
44 27
44 35
44 40
44 45
45 0
45 5
45 12
45 23
45 28
45 44
46 3
46 20
46 49
47 1
47 14
47 20
47 21
47 27
48 16
48 18
48 24
48 30
48 33
48 41
49 3
49 20
49 46
50 12
50 14
50 26
50 36
51 9
52 8
52 25
53 61
53 63
53 83
53 85
53 89
53 94
54 65
55 57
55 58
56 61
56 71
56 77
57 55
57 70
57 91
58 55
58 84
59 64
59 69
59 76
59 79
59 88
61 53
61 56
61 63
61 83
61 94
62 55
62 75
63 53
63 61
63 83
63 84
63 94
64 59
64 69
64 79
64 88
65 55
65 62
65 75
65 86
66 64
66 79
67 71
67 88
69 59
69 64
69 76
69 79
70 57
70 68
71 77
72 58
72 85
72 90
75 65
76 69
76 88
77 56
77 71
78 69
78 76
79 59
79 64
79 69
79 76
79 88
80 85
80 90
80 95
81 68
81 93
82 73
82 80
82 85
82 89
83 94
84 62
84 73
85 80
85 89
85 90
85 92
86 82
88 59
88 64
88 67
88 69
88 76
88 79
89 82
89 85
89 95
90 80
90 82
90 85
91 57
92 57
92 82
92 85
92 91
93 81
94 53
94 61
94 63
94 83
95 80
95 82
95 90
97 134
98 139
99 115
99 121
100 120
100 128
100 135
101 99
101 119
101 123
101 124
101 137
103 101
103 105
104 138
105 103
105 122
106 123
108 129
109 105
109 106
109 112
109 119
110 112
110 126
111 96
111 112
111 133
112 103
112 109
112 110
112 140
113 103
113 112
113 133
113 134
113 140
114 113
115 99
115 105
115 106
115 108
116 112
116 140
117 103
117 105
117 112
118 106
118 124
118 131
118 137
119 101
120 100
120 116
121 99
121 122
121 123
121 125
121 133
122 105
122 121
123 101
123 106
123 109
123 119
124 119
124 137
125 121
125 122
126 109
126 110
126 112
127 129
127 134
127 138
128 139
128 140
129 108
129 127
129 134
129 138
130 101
130 106
130 123
131 106
131 118
131 124
132 120
133 113
133 121
134 138
135 100
136 131
137 124
138 104
138 129
138 134
139 98
140 128
141 116
141 120
142 166
143 144
143 161
143 179
143 181
143 189
144 150
144 151
144 173
144 179
144 185
144 189
145 170
145 171
145 178
146 151
146 161
147 152
147 157
147 168
148 167
148 190
149 174
149 187
150 157
150 169
150 178
150 188
150 192
151 187
152 147
152 156
152 168
153 152
153 168
153 179
153 185
154 149
154 174
154 187
155 171
155 172
155 178
155 179
155 182
155 191
156 147
156 152
157 168
157 172
157 177
158 172
158 174
159 186
160 183
161 146
162 189
163 181
164 175
165 142
166 142
167 146
167 148
167 151
167 190
168 152
168 153
168 185
169 150
169 176
169 178
169 188
169 192
170 145
170 171
170 188
171 145
171 152
171 155
171 157
171 170
172 142
172 155
172 157
172 158
172 189
173 144
173 150
173 151
173 178
173 192
174 149
174 187
175 149
175 152
175 156
175 187
176 155
176 169
176 171
176 178
176 185
176 188
177 142
177 157
177 176
177 183
178 150
178 155
178 169
178 179
178 192
179 143
179 144
179 152
179 178
179 185
179 187
181 152
181 153
181 157
181 168
181 179
183 177
183 184
184 183
184 191
185 144
185 189
186 159
186 171
186 190
187 151
187 189
188 150
188 176
188 178
188 192
189 143
189 157
189 162
189 172
189 183
189 185
190 148
190 167
191 155
191 174
192 169
192 174
192 178
