0 2
0 44
0 45
1 19
3 13
3 46
3 49
4 11
5 45
6 10
7 8
8 7
8 9
8 52
10 6
10 15
11 4
12 0
12 9
12 44
12 45
13 3
13 19
13 37
13 40
14 3
14 26
14 36
14 43
14 47
14 48
14 50
15 10
15 39
16 30
16 41
16 48
17 6
17 10
17 15
17 33
17 39
18 16
18 24
18 30
18 41
18 48
19 1
19 10
19 15
19 25
19 40
19 44
20 21
20 27
20 43
20 49
21 22
21 43
22 34
23 0
24 16
24 18
24 30
24 41
24 48
25 40
26 3
26 4
26 14
26 36
27 0
28 12
28 45
30 10
30 16
30 18
30 24
30 41
30 48
31 47
34 22
34 47
36 14
37 13
38 7
38 8
38 49
39 10
39 15
40 2
40 13
40 19
40 25
40 44
41 18
41 24
41 30
41 48
42 2
42 28
43 14
43 20
43 27
44 19
44 27
44 35
45 0
45 5
45 9
45 12
45 28
46 3
46 49
47 1
47 20
47 27
47 44
48 16
49 3
49 20
49 46
50 14
50 19
50 26
51 2
51 9
52 8
53 61
53 63
53 83
53 94
55 57
55 58
56 71
56 77
56 81
57 55
57 91
58 55
58 72
58 84
58 85
59 64
59 69
59 76
59 79
59 88
61 53
61 94
62 55
62 65
62 75
63 61
63 84
63 94
64 59
64 66
64 69
64 79
64 88
65 55
65 56
65 75
66 64
66 79
67 88
69 59
69 64
69 76
69 79
70 57
70 68
72 73
72 82
72 85
72 90
75 55
75 65
75 84
76 59
76 69
76 79
76 88
77 56
77 71
78 70
78 76
79 59
79 64
79 69
79 76
79 88
80 85
80 90
80 95
81 93
82 73
82 80
82 89
83 94
84 63
85 58
85 72
85 90
85 92
88 59
88 64
88 67
88 69
88 76
88 79
89 72
89 77
89 82
89 85
90 80
90 82
90 85
92 85
92 91
94 61
94 63
94 83
94 84
95 80
98 139
99 101
99 115
99 121
101 99
101 103
101 119
101 123
101 124
103 101
103 105
103 112
103 113
104 105
105 103
105 121
105 122
106 123
109 112
110 112
110 126
111 96
111 112
111 133
112 103
112 109
112 113
112 140
113 112
113 116
113 121
113 133
113 138
113 140
115 101
115 105
115 106
115 108
115 123
115 130
117 103
117 105
118 106
118 131
119 101
120 128
121 122
121 123
121 125
121 133
122 121
123 101
124 119
124 137
126 109
127 129
127 138
128 140
129 108
129 127
129 134
129 138
130 105
130 106
131 106
131 118
134 138
135 108
136 99
137 124
138 104
138 134
140 128
141 116
142 166
143 144
143 157
143 162
143 172
143 179
143 189
144 179
144 185
145 154
145 170
145 171
145 178
146 161
147 152
150 169
150 178
150 188
150 192
151 187
152 156
152 168
153 144
153 152
153 157
153 168
153 185
154 168
155 178
155 191
156 152
157 168
157 172
158 172
159 186
160 183
160 185
161 146
162 189
163 181
164 175
166 142
169 150
169 178
170 145
170 171
171 145
171 170
172 157
173 144
174 149
174 187
175 149
175 164
175 180
175 187
177 183
178 155
178 169
178 192
179 144
179 153
179 157
179 169
179 178
179 181
179 192
181 152
181 157
181 179
182 155
183 177
184 183
184 191
185 144
185 189
186 190
187 174
189 143
189 185
190 148
191 155
191 174
192 169
192 174
192 178
192 188
