0 0
0 3
0 13
0 24
0 45
1 9
1 21
1 22
1 28
1 48
2 1
2 13
2 20
2 28
2 41
2 46
3 14
3 27
3 37
3 47
3 50
4 12
4 27
5 46
6 11
6 16
7 39
8 8
8 10
8 13
8 24
8 27
8 39
8 53
9 1
9 3
9 13
9 24
9 46
9 52
10 7
10 16
10 40
11 5
12 1
12 10
12 28
12 45
12 46
13 3
13 4
13 38
13 41
13 47
14 4
14 27
14 37
14 44
14 48
14 51
15 11
15 18
15 40
16 19
16 25
16 31
16 34
16 42
16 49
17 11
17 16
17 34
17 40
18 17
18 25
18 31
18 34
18 42
18 49
19 1
19 2
19 3
19 28
19 41
19 45
19 53
20 2
20 22
20 28
20 44
20 48
20 50
21 2
21 23
21 35
21 44
22 22
22 35
23 1
23 10
23 13
23 46
24 11
24 17
24 19
24 31
24 42
24 49
25 3
25 9
25 41
25 53
26 5
26 15
26 37
26 51
27 1
27 3
27 13
27 21
27 41
28 1
28 13
28 24
28 28
28 45
28 46
30 17
30 19
30 25
30 34
30 42
30 49
31 48
32 3
32 14
34 8
34 23
34 48
35 45
36 4
36 13
36 15
36 27
36 28
36 44
36 51
37 3
37 14
38 8
38 9
38 50
39 11
39 16
40 3
40 14
40 20
40 26
40 45
41 19
41 25
41 31
42 1
42 3
42 28
42 46
43 15
43 21
43 28
44 1
44 3
44 13
44 20
44 28
44 36
44 41
45 1
45 3
45 6
45 10
45 13
45 29
45 45
46 4
46 21
46 50
47 2
47 15
47 21
47 22
47 28
47 35
47 45
48 17
48 34
49 4
49 21
49 47
50 13
50 15
50 20
50 27
50 33
50 37
51 1
51 3
51 10
51 28
51 43
51 46
52 9
52 24
52 26
53 62
53 64
53 84
53 86
53 90
53 95
54 66
55 58
55 59
55 63
55 76
56 62
56 72
56 78
56 82
57 56
57 71
57 92
58 56
58 73
59 65
59 70
59 77
59 80
59 89
61 54
61 57
61 64
61 84
61 95
62 56
62 66
62 76
63 54
63 62
63 84
63 85
63 95
64 60
64 67
64 80
65 56
65 63
65 76
66 60
66 65
66 80
66 89
67 72
67 89
68 71
68 87
69 60
69 65
69 77
69 80
70 58
70 69
71 78
71 92
72 59
72 71
72 74
72 85
72 86
72 90
72 91
73 59
73 73
73 85
74 71
75 66
76 60
76 70
76 80
76 89
77 57
77 72
77 90
77 92
78 70
78 71
78 77
79 60
79 65
79 70
79 77
79 89
80 86
80 91
81 94
82 74
82 81
82 90
83 54
83 62
83 64
83 95
84 59
84 64
84 74
85 59
85 73
85 81
85 90
85 91
85 93
86 63
86 83
86 85
86 90
88 60
88 65
88 68
88 70
88 77
88 80
89 83
89 86
89 96
90 81
90 86
92 58
92 81
92 86
92 92
93 69
93 82
93 92
94 54
94 62
94 64
94 84
94 85
95 81
95 91
97 134
97 135
97 140
97 141
98 140
99 116
99 122
100 117
100 121
100 129
100 136
101 100
101 104
101 120
101 124
101 125
103 102
103 105
103 106
103 107
103 120
104 106
104 139
105 104
105 110
105 123
106 104
106 124
106 132
107 134
107 137
108 116
108 128
108 130
108 136
108 141
109 104
109 106
109 107
109 113
109 120
109 125
109 138
110 113
110 114
110 127
111 97
111 113
111 134
112 104
112 110
112 111
112 114
112 141
113 113
113 115
113 117
113 134
114 114
114 134
115 100
115 106
115 107
115 109
116 113
116 114
116 141
117 104
117 106
117 113
118 107
118 110
118 132
119 102
119 106
119 124
119 125
119 138
121 100
121 106
121 123
121 124
121 126
121 134
122 106
122 122
123 102
123 104
123 107
123 110
123 120
123 122
123 125
124 107
124 120
124 132
124 138
125 100
125 122
125 123
126 110
126 111
126 113
126 114
126 134
126 139
127 109
127 130
127 135
127 136
127 139
128 140
128 141
129 109
129 128
129 135
129 139
130 106
130 107
130 124
131 102
131 107
131 119
131 120
131 124
131 125
131 137
133 114
133 122
134 130
134 139
135 101
136 100
136 115
136 132
137 110
137 120
137 125
138 130
138 135
139 99
139 129
140 129
141 101
141 117
141 121
142 159
142 167
142 173
143 158
143 163
143 169
143 180
143 182
143 188
143 190
144 152
144 174
144 180
144 186
144 189
145 155
145 171
145 172
145 179
146 152
146 162
146 168
146 183
146 191
147 153
147 169
148 168
148 191
149 159
149 175
149 176
149 188
150 170
150 174
150 179
150 180
150 189
150 193
151 147
151 188
152 148
152 154
152 157
152 169
152 181
152 186
153 153
153 169
153 180
153 186
154 146
154 150
154 169
154 175
154 188
155 172
155 179
155 183
155 192
156 153
157 153
157 159
157 163
157 169
157 173
157 177
158 158
158 173
159 157
159 172
159 187
160 184
160 186
161 147
162 144
162 190
163 158
164 157
164 183
165 143
165 158
165 177
165 178
165 179
165 180
166 143
167 149
167 191
168 153
168 154
168 158
168 186
169 151
169 177
169 179
169 180
169 189
169 193
170 146
170 172
170 179
170 189
171 146
171 156
171 171
171 177
171 186
172 143
172 158
172 159
172 190
173 145
173 151
173 152
174 150
174 159
174 188
174 192
175 150
175 172
175 175
175 188
176 151
176 156
176 170
176 179
176 189
176 193
177 158
177 163
177 177
177 179
177 184
177 189
178 151
178 156
178 170
178 177
178 180
178 193
179 144
179 145
179 158
179 170
179 174
179 179
179 188
179 189
180 157
180 169
181 153
181 154
181 158
181 169
181 180
182 156
182 165
183 178
183 185
183 186
184 184
185 145
185 184
185 190
186 146
186 160
186 172
186 191
186 193
187 150
187 152
187 155
187 175
187 176
187 190
188 151
188 170
188 177
188 179
188 180
188 193
189 144
189 145
189 158
189 163
189 173
189 184
189 186
190 149
190 168
191 143
191 156
191 175
192 151
192 170
192 177
192 179
192 180
192 189
