0 9
0 44
0 45
1 8
1 19
2 19
2 27
2 40
3 13
3 46
3 49
6 10
8 7
8 9
8 12
8 23
8 52
9 0
9 2
9 12
9 45
10 6
10 15
12 9
12 28
12 45
13 3
13 14
13 37
13 40
14 26
14 34
14 36
14 47
15 10
16 24
16 30
16 41
16 48
17 10
17 15
17 33
18 16
18 24
18 30
18 41
18 48
19 10
19 13
19 40
19 44
20 1
20 43
20 49
21 1
21 22
21 40
22 34
23 9
23 12
23 45
24 16
24 18
24 30
24 41
24 48
25 2
25 40
25 52
26 3
26 4
26 14
26 36
27 0
27 12
27 20
27 43
27 47
28 0
28 12
28 44
28 45
30 16
30 18
30 24
30 41
31 47
33 48
34 22
35 44
36 3
36 26
36 50
37 0
37 2
37 13
37 45
38 7
38 8
38 49
39 10
39 15
40 2
40 19
40 25
40 44
41 18
41 30
42 2
43 20
43 27
44 19
44 27
44 35
45 0
45 5
45 9
45 12
45 28
45 44
46 3
47 1
47 20
48 16
49 3
49 20
49 26
49 46
49 47
50 26
53 61
53 63
53 83
53 89
53 94
55 57
55 58
56 77
57 55
57 91
58 55
58 85
58 94
59 64
59 69
59 76
59 79
59 88
61 53
61 56
61 63
61 83
61 94
62 55
63 84
63 94
64 59
64 69
64 79
64 88
65 75
66 64
66 79
68 55
69 59
69 64
69 76
69 79
70 57
70 68
71 77
72 85
73 84
76 59
76 69
76 79
76 88
77 56
77 71
78 76
79 59
79 64
79 69
79 76
79 88
80 85
80 90
80 95
81 93
82 73
82 80
82 85
82 89
83 53
83 61
83 63
83 94
84 55
84 63
84 73
85 58
85 72
85 80
85 90
88 59
88 64
88 67
88 69
88 76
88 79
89 77
89 82
89 85
89 95
90 80
90 85
91 57
92 57
92 85
92 91
94 61
94 63
94 83
95 80
98 139
99 101
100 97
100 120
100 128
100 135
101 99
101 105
101 119
101 123
101 124
103 101
103 104
103 105
103 112
104 103
104 105
105 103
105 122
106 101
106 123
107 103
109 105
109 119
110 112
110 126
111 96
111 112
111 133
112 103
112 109
112 113
112 140
113 110
113 112
113 116
113 138
113 140
115 99
115 100
115 103
115 105
115 106
116 112
116 120
116 140
117 103
117 112
117 140
118 106
118 123
118 131
120 100
120 132
120 140
121 99
121 122
122 105
122 121
123 101
123 106
123 109
124 137
125 117
125 120
125 139
126 109
126 110
127 108
127 129
127 134
127 138
128 139
128 140
129 108
129 127
129 134
129 138
130 105
130 106
130 122
130 137
131 106
131 118
131 130
132 120
133 113
133 121
134 138
136 99
137 124
138 129
138 134
139 98
140 128
141 116
143 162
143 179
143 181
143 189
144 173
144 179
144 185
145 170
145 171
146 151
146 161
147 152
147 157
147 168
147 179
147 183
147 185
148 167
148 188
148 190
149 174
149 187
150 144
150 169
150 178
150 188
150 192
151 187
152 147
152 156
152 168
153 152
153 168
153 179
155 171
155 178
155 191
155 192
156 147
156 152
156 168
157 152
157 171
157 172
158 157
158 172
158 174
159 186
161 146
162 143
162 189
163 157
166 142
167 146
167 148
167 171
167 186
167 190
168 152
168 153
168 157
168 185
169 150
169 176
169 178
169 179
169 188
169 192
170 145
170 171
170 178
170 188
171 157
171 170
171 191
172 142
172 155
172 157
172 158
172 174
172 189
173 144
174 149
174 187
175 149
175 171
175 174
175 187
175 188
176 150
176 155
176 169
176 185
176 188
176 192
177 142
177 157
177 176
178 150
178 155
178 169
178 192
179 143
179 144
179 157
179 163
179 178
179 181
179 185
179 187
180 152
180 168
181 152
181 153
181 157
181 168
183 177
183 184
184 183
185 144
185 152
185 153
185 155
185 157
185 188
185 189
186 152
186 171
186 188
186 190
187 149
187 189
188 150
188 175
189 143
189 157
189 162
189 172
189 174
190 148
190 167
191 155
192 174
192 188
